   3.86654390195704     
   3.45068303499013     
   3.67436438871266     
   2.50202453450464     
   1.98803940288019     
   2.28059449692367     
  0.961656613973929     
  0.868998242117499     
  0.898311126348176     
   3.97926260209675     
   4.05100572379428     
   3.69811926446607     
   3.84618062875214     
   4.34972489408216     
   4.61632735720275     
   4.83185547331314     
   4.84632216740781     
   5.95666720047416     
   6.47591972211183     
   6.81555833693699     
   7.66174030764435     
   8.04899618979633     
   9.28533322714404     
   10.4374298820622     
   11.3618056616201     
   11.4586192070678     
   14.1628076321350     
   16.1233018441211     
   2.51796369110764     
   2.40553419149322     
   2.58168157802845     
   2.79194654042232     
   2.92323205623080     
   3.14124722092467     
   3.42722679585043     
   3.95193959255994     
   4.46390919420540     
   5.16904650424783     
   5.57413681022791     
   6.27277417181674     
   6.90981686942132     
   7.93564714088149     
   9.47778019799213     
   10.0274068457487     
   10.0191711031792     
   12.8376102686696     
   14.8264720504516     
  0.724992038089340     
  0.910460337229011     
   1.14595094998532     
   1.49927575033351     
   1.63205478839078     
   1.66666730083048     
   2.01463277562041     
   2.38452624296332     
   3.03549812237674     
   3.66698601548620     
   4.10422466640301     
   5.33678476286974     
   5.19725594910801     
   6.57757352961880     
   8.02976793345078     
   8.75895408163777     
   9.22305145374443     
   11.9238869858678     
   13.4770435323380     
  0.245798843155086     
  0.459679017435178     
  0.585033489388564     
   1.00964027480313     
   1.01938819689235     
   1.13598433961940     
   1.36594623657311     
   1.78893813194233     
   2.51900321510360     
   3.09319647259105     
   3.47936865734394     
   4.33181782470103     
   4.60986090943513     
   5.93969409147405     
   7.35974427968819     
   7.97449283434938     
   8.27756209901113     
   10.7751417824275     
   12.8219080226988     
  0.302733544248042     
  0.337594991911487     
  0.449084952880071     
  0.696556931694516     
  0.761113306712446     
  0.963869210550598     
   1.26864967701383     
   1.64859530632944     
   2.26802470601882     
   2.91881635567785     
   3.32437417296450     
   4.04308484824145     
   4.29864895188035     
   5.77709399253601     
   6.99592619198631     
   7.94228160913519     
   8.12570982650269     
   10.9286675322031     
   12.4294864557210     
  0.494034104828785     
  0.685460655626855     
  0.729075454815217     
   1.10411268900071     
   1.12888935493652     
   1.18380020259858     
   1.50446227752329     
   1.87900294411835     
   2.63898602469237     
   3.20884353457316     
   3.61017486288711     
   4.30555197311912     
   4.69443930156669     
   6.03696258208893     
   7.38338194581226     
   8.16068355275715     
   8.29143159372239     
   10.9496310650403     
   12.7118144010781     
   2.41348588003865     
   2.23453193232896     
   2.24357781753076     
   2.51982744976667     
   1.68580866059895     
   2.90522750039980     
   3.91581754218660     
   5.16878834155267     
   5.32665086018801     
   5.93186592470488     
   6.08150228448682     
   7.60823110990199     
   8.87824075832035     
   12.2828902528037     
   14.3069667218592     
   16.2665287697960     
  0.168160329747423     
  0.148987527292661     
  0.742342253385942     
  0.884938569287925     
  0.909155727652546     
   1.99228340840051     
   3.08045844955791     
   3.44146280902572     
   3.95961751559176     
   4.12455274126125     
   5.57482934370802     
   6.95831616245368     
   10.1564637869746     
   12.6911128900127     
   14.6075553686876     
  0.301897986111868     
  0.386998270857276     
  0.746353743676138     
  0.750882221340788     
  0.980495362199747     
   1.91881613190364     
   3.06822083092348     
   3.49509244595689     
   3.86215872542860     
   4.16592693225218     
   5.50984291705163     
   7.02439009756193     
   10.3081171801005     
   12.4045607291184     
   14.0980195204714     
   2.45282964924166     
   2.06877748901411     
   2.46312011258038     
   2.57765148350197     
   2.87704316607639     
   3.02113759798570     
   3.14394901488129     
   4.26817971477615     
   5.19756551150257     
   5.32193406078304     
   5.91590508781783     
   6.14416020989782     
   7.53885013909297     
   8.96550653663959     
   12.4176070977176     
   14.4864984790684     
   16.2015611893513     
  0.433396577874674     
  0.589347595807112     
  0.853607854085823     
   1.04326460538132     
   1.07680957280886     
   2.02700569819939     
   3.19220001710539     
   3.47043573455466     
   4.16828000395833     
   4.13146121693561     
   5.59043679147473     
   6.96172239951864     
   10.4953648492861     
   12.5590702013535     
   13.9917290271796     
  0.443197271695908     
  0.727484213132186     
  0.945749905814807     
   1.02742554789594     
   1.05423431891865     
   1.98697325256234     
   3.09478112359170     
   3.44575945831531     
   3.92571945493978     
   4.11422548846249     
   5.47405406327576     
   6.88653020415671     
   10.2146134312329     
   12.5242466593770     
   14.0490875262595     
  0.343277183414585     
   1.01182406621399     
   1.93295511031076     
   3.77698971789459     
   4.11226113044214     
   5.79199678726766     
   6.34906744170434     
   12.3154053027012     
   14.1764715111912     
  0.483569766835558     
   1.04155043205174     
   2.05975691252027     
   3.74129735465095     
   4.19420069641939     
   5.55746536851026     
   6.88251521481331     
   12.1967924330682     
   14.1411442822104     
