   3.89475567897458     
   3.47087988802650     
   3.67856899327344     
   2.55886948411413     
   2.00554956352505     
   2.35844973204416     
  0.989219165944633     
  0.928926961345468     
  0.896936274490855     
   3.74870922996490     
   3.78176397324017     
   4.02193149991851     
   4.45983634869916     
   4.41727464180860     
   4.58402894710252     
   4.81575036978847     
   5.20408607327167     
   5.84888133499825     
   6.57838672840973     
   6.89870733039211     
   7.62149755031746     
   8.01784005791220     
   9.28272662045438     
   10.8826710197278     
   11.4991875504835     
   11.9377694989096     
   14.4212384779292     
   16.1481935279793     
   2.48412338506429     
   2.63499915740397     
   2.63593362319523     
   3.24129767876983     
   3.07714438040321     
   3.20312723845316     
   3.43674943557545     
   3.85922519777711     
   4.54934948469386     
   5.23656137126656     
   5.50180620920210     
   6.23999370949610     
   6.66551731664913     
   7.92773277969582     
   9.35715476052155     
   9.97997027325471     
   10.0871229357158     
   13.0329931691416     
   14.7739632342343     
  0.952517498469405     
   1.09945676141302     
   1.09509150933923     
   1.52241453851070     
   1.64860037144484     
   1.74166854360504     
   1.90437670212197     
   2.32333643217677     
   2.99208029902454     
   3.65926516131489     
   4.02148719321013     
   4.80447136558212     
   5.20134294187761     
   6.50189982048363     
   7.93514108140641     
   8.52030630819053     
   9.15671432120078     
   11.6859217954043     
   13.1695867921436     
  0.371434769853551     
  0.463396095894012     
  0.575273892898622     
  0.979697253739090     
  0.991855369911150     
   1.09239030657082     
   1.28884059421350     
   1.77035516347144     
   2.44566941499960     
   3.10835218217764     
   3.50338089458870     
   4.20985704742395     
   4.57942104595881     
   5.90134343152738     
   7.18140534099456     
   7.45206630661355     
   8.17575155298471     
   10.7540251947498     
   12.7368031886710     
  0.347321175201984     
  0.395934134473748     
  0.448331910202569     
  0.924004466083630     
  0.826715486446489     
  0.956751032380396     
   1.25470079787246     
   1.67750532228018     
   2.31533812514110     
   3.01489530594120     
   3.37913814700525     
   4.04392173388712     
   4.49054013202397     
   5.73731475710574     
   7.73581649773371     
   7.65880213430046     
   8.62842883614442     
   10.7451512830136     
   12.5929693060903     
  0.597830746983732     
  0.654112296885415     
  0.722953330201364     
   1.25840362479801     
   1.13041912425660     
   1.19679846473377     
   1.49996862155166     
   1.92968225819592     
   2.59038792395572     
   3.24761552464975     
   3.68218646871446     
   4.33682199574199     
   4.78328656181500     
   5.97888864229071     
   7.47020163954247     
   7.70346657584844     
   7.97029673845114     
   10.9185516733722     
   12.8042645549424     
   2.45854042782625     
   2.36928441220388     
   2.51556306316570     
   2.97221140356899     
   2.98480088543036     
   3.11555788337878     
   4.02261257365240     
   5.25205565066193     
   5.50789574808792     
   5.95049878604937     
   6.18127116074191     
   7.72644549505449     
   8.75184136719639     
   12.5796150159030     
   14.5495467549393     
   16.1162305419425     
  0.349944573392264     
  0.442060745394400     
  0.866155031629688     
  0.982519530548871     
  0.984762385757762     
   1.98088700687998     
   3.05497307590463     
   3.45995207888637     
   3.89533626085452     
   3.99073253003334     
   5.57126610108739     
   6.99088056095979     
   10.3350186871322     
   12.3124997856760     
   14.0886170411946     
  0.334541892118096     
  0.387518789677614     
  0.844710918990643     
   1.00508954778155     
   1.08770311381781     
   2.09876371843589     
   2.95753459046125     
   3.66563409462620     
   3.91897013869740     
   4.13447754136612     
   5.45752782049556     
   7.02565396397407     
   10.1462048713163     
   12.3800674297793     
   14.0171374743997     
   2.42045074301427     
   2.03628135874092     
   2.37490693186359     
   3.24259981875522     
   3.01718795695879     
   3.42617156908099     
   3.15574322566528     
   3.93507849230480     
   5.22977456083089     
   5.38574703343579     
   5.97740141133588     
   6.13047279157249     
   7.61679451798622     
   8.45011219647250     
   12.3281646789427     
   14.4432817748883     
   16.1340248978973     
  0.313250805318489     
  0.349881434830479     
  0.820828879597144     
  0.940976686820989     
   1.06268013950978     
   2.01766719372048     
   3.05449979398799     
   3.40137638976026     
   4.04026418864021     
   4.06240446156500     
   5.59682758777274     
   6.93323685347619     
   10.2527088217859     
   12.2884635041074     
   14.2687884165890     
  0.382512807427645     
  0.520792272414070     
  0.798243962212410     
  0.918767282590863     
   1.07449568752932     
   2.02352418496378     
   3.10118884168648     
   3.42283188779561     
   3.86335073474979     
   4.06867966067770     
   5.54778315404499     
   7.01719505610677     
   10.2383542617470     
   12.2429274206616     
   14.0723576027392     
  0.356687935974861     
  0.987476464162796     
   1.69414771904749     
   3.78807371311143     
   4.11229015467012     
   4.80532225139129     
   6.34850428763619     
   12.3097072087453     
   13.8342956678823     
  0.549268969226659     
   1.00977514699534     
   1.81279464624720     
   3.74950073143191     
   4.07674599706692     
   5.32439854818293     
   6.94953584075122     
   12.3120837193113     
   14.0207494688420     
